รางวัลที่ 1
209644	
---------------------------------------------------
รางวัลเลขท้าย 2 ตัว
43	
---------------------------------------------------
รางวัลเลขหน้า 3 ตัว
353	241	
---------------------------------------------------
รางวัลเลขท้าย 3 ตัว
394	687	
---------------------------------------------------
รางวัลที่ 2
979516	230916	264448	178729	515534	
---------------------------------------------------
รางวัลที่ 3
125561	815508	851325	563411	749702	
784679	843789	951195	206649	627963	
---------------------------------------------------
รางวัลที่ 4
792592	826658	413346	653345	485838	
605327	151505	105474	732483	028778	
566204	661866	831567	581989	862050	
637557	006077	195694	259762	278911	
256006	893355	331357	340123	219098	
364835	782457	785562	618651	885299	
627418	599829	822567	465407	292984	
079543	850005	175932	320429	691110	
443001	062896	916881	016748	221526	
620384	543290	034524	080922	383228	
---------------------------------------------------
รางวัลที่ 5
818778	337821	695714	581772	058318	
438969	453056	646687	060670	049637	
919074	553479	958284	536411	330263	
717042	738514	511274	286211	748946	
213920	810811	430351	357009	858034	
586718	348696	656427	064532	728740	
856220	672811	432556	365379	368458	
948004	865841	132563	639379	491465	
023124	558360	531241	493536	690160	
157568	532433	811426	413010	729369	
724825	470940	473048	695558	392275	
409032	720501	982301	677396	302702	
278593	866330	600563	615217	201665	
761928	023532	181193	677768	579815	
374649	009523	017901	326023	166846	
677866	183078	323635	589962	820672	
031473	570322	857480	908229	683706	
622042	706088	220276	056525	213659	
627868	583519	017282	560911	957699	
927112	090091	943940	890081	602301	
---------------------------------------------------
